1000011110110001101010000000100100000000000000000000000000000000
1011101110100100010000101101111000000000000000000000000000000000
0110010011010010000011000111010000000000000000000000000000000000
1110110001111001110111010001001000000000000000000000000000000000
0111000001101001010110000001111000000000000000000000000000000000
1011111000011110001000010010111100000000000000000000000000000000
0100110000011111101111110001011000000000000000000000000000000000
0000000110000001001011000100110000000000000000000000000000000000
1000000010101101111100001010101000000000000000000000000000000000
0101111100010101111110101111101100000000000000000000000000000000
