1111011111010001001000010111000010011011100101101001111010101001
1100110110111111100111010110011000101101100111101000000010001111
1000000111100101101011010110001101010101011010011100111010101110
0100110111010111010000100101110110010110101011100111011001010100
1101110001011110110111011000100011101000011010111011100100011011
0110111111100111111101110000101001011110110101110000100100101100
1001111110101110111000101101111010000010100010100100000011011000
1000110101011100001000001111000010101000001111010000011101001111
0101011011000000011000111010111010100011101000010111001110001110
0100000000010011010010000000100101010001011000111100000011110100
