0001010000101010111111100111010110101001101001010101000000111001
1110001111111011110111110000010100110010001100111100111010010000
0011101001101110000011000000011111101101111001110000001111011101
1111011111010001100100010110000111000000011110011000001101010010
0011111000000010110010010111011011010110111000100011010110101101
1011111111100111011001000001010110000011100010111111101100000011
0001011001100010001010000110010001100000101010101000000010101100
0101101110110101011010100011100111110110000001001111011011111000
1110100110001001001101101101010101110101011110001100011010111101
0011010111010111111010110101110110011101000100110111111110100110
0101100000100010111000011110011000000100001000100001011100110011
0011011111000101000101101110110001011010111101010001111000011111
0111000100100101000110000001000111111111000000111001110000001001
1110111010001011111110101100111101111101100010011101110011010001
0010101000110000001001110110110001010101100001011001000110011110
1010011101101100000001111001110011111101101110001001011011010001
1011001101001101011110001111011110011110101101001010010010101110
1110010110001101000110110101100100111101000101011101011100100000
1101011100110101010001100101110101111100101101101110110111100010
1001011100100110000011100101010000101101110101010010110100010110
