1111000101100111001100011110101100001101111000010100011011011110
0111011011010110100110011110001000001101111000010100011011011110
0111010101100100110111101100010010101000111010000101110011111011
1100111011000000100111000001101010101000111010000101110011111011
1010110111111101000000100111010010110101100110001110011110001011
1100100100101111000011100000000010110101100110001110011110001011
0010000100100010001011001111000100001101100000111101011111000110
1100110101011011111100011110001100001101100000111101011111000110
0101111100101010001000101001010011010110100100011110010111101010
0010111101000011011110101000101011010110100100011110010111101010
1001111011111101000011001100100010111110000111010000000100101010
0010000011100011001011011110011110111110000111010000000100101010
0100010100010110101011011000001011011101000110000111110010101010
0000100100001001000100101001010011011101000110000111110010101010
0110000110001111001000000110101100111011111000101110100100000111
0110000000001110000011000010011100111011111000101110100100000111
0110110100001001011010010001011011001001010010010111100001110011
1110110110100100100110011011110011001001010010010111100001110011
1100111000000001101101001100011011011011101010100010001111011100
1001000100010100010011100011110111011011101010100010001111011100
